1.99337100983 83.0
2.17401099205 83.0
2.56269693375 83.0
2.95137691498 83.0
3.33976387978 83.0
3.43484091759 83.0
3.69409894943 83.0
4.08295202255 83.0
4.47142410278 83.0
4.85993099213 83.0
5.24834299088 83.0
5.63685798645 83.0
6.02536487579 83.0
6.41363286972 83.0
6.80140089989 83.0
7.18910503387 84.0
7.57623887062 84.0
7.96340990067 84.0
8.35038495064 85.0
8.73704695702 86.0
9.12349796295 85.0
9.50973391533 86.0
9.896007061 86.0
10.2821369171 86.0
10.6680579185 86.0
11.054008007 86.0
11.4394860268 87.0
11.8252749443 87.0
12.2107830048 87.0
12.5961658955 87.0
12.9814651012 87.0
13.3665010929 87.0
13.7514801025 87.0
14.1364779472 87.0
14.5215969086 88.0
14.9062879086 88.0
15.2912099361 87.0
15.6759390831 88.0
16.0609378815 88.0
16.4456501007 88.0
16.8303499222 88.0
17.2148189545 89.0
17.5991170406 89.0
17.9828169346 89.0
18.3663270473 90.0
18.7491590977 90.0
19.1321070194 90.0
19.5145940781 91.0
19.896930933 92.0
20.2789640427 91.0
20.6609280109 92.0
21.0430839062 92.0
21.4250850677 92.0
21.8069210052 92.0
22.188988924 92.0
22.5709738731 92.0
22.9531800747 90.0
23.3354070187 92.0
23.7179090977 91.0
24.1003220081 91.0
24.4830200672 91.0
24.8657939434 92.0
25.2484390736 91.0
25.6313169003 90.0
26.0141179562 90.0
26.3973300457 91.0
26.7801969051 90.0
27.1635520458 90.0
27.5469059944 90.0
27.9302260876 90.0
28.3134229183 90.0
28.6967859268 90.0
29.0802381039 89.0
29.463586092 90.0
29.8472008705 89.0
30.2309670448 90.0
30.6145119667 89.0
30.9981529713 89.0
31.3818919659 89.0
31.7658369541 89.0
32.1497180462 89.0
32.5337769985 89.0
32.917648077 89.0
33.3017940521 89.0
33.6857669353 89.0
34.0698719025 89.0
34.4538838863 89.0
34.8381140232 88.0
35.2223479748 88.0
35.6065740585 89.0
35.9910569191 89.0
36.3754088879 89.0
36.7597448826 88.0
37.1442990303 88.0
37.5287549496 88.0
37.9133360386 89.0
38.2978589535 89.0
38.6825199127 88.0
39.0670039654 89.0
39.4515719414 88.0
39.8361310959 88.0
40.2208330631 89.0
40.605727911 88.0
40.9903690815 88.0
41.3750829697 88.0
41.7599880695 88.0
42.1450610161 88.0
42.5297958851 88.0
42.9148058891 87.0
43.2996630669 87.0
43.6846849918 87.0
44.0696899891 88.0
44.4546239376 88.0
44.8396799564 88.0
45.224668026 88.0
45.6096920967 87.0
45.9948780537 88.0
46.379983902 87.0
46.7651910782 87.0
47.150439024 87.0
47.5356330872 87.0
47.9208040237 87.0
48.3061718941 87.0
48.6915650368 87.0
49.0767869949 87.0
49.4620330334 87.0
49.8474800587 87.0
50.2329568863 87.0
50.6182820797 87.0
51.0035610199 87.0
51.3891470432 87.0
51.774641037 86.0
52.1602160931 86.0
52.5456180573 86.0
52.9310529232 87.0
53.3165819645 86.0
53.702051878 87.0
54.0877718925 86.0
54.4734389782 87.0
54.8590369225 87.0
55.2449650764 87.0
55.6308579445 87.0
56.016700983 87.0
56.4023990631 87.0
56.7879929543 86.0
57.1740169525 86.0
57.5601050854 86.0
57.94592309 86.0
58.3318428993 86.0
58.7178099155 86.0
59.1037220955 87.0
59.4897220135 86.0
59.8756320477 86.0
60.2618610859 86.0
60.6477620602 86.0
61.033878088 86.0
61.4197599888 86.0
61.8059239388 86.0
62.1918869019 86.0
62.5779030323 86.0
62.9639470577 86.0
63.3501300812 86.0
63.7361779213 86.0
64.1224930286 86.0
64.5084180832 86.0
64.8946099281 86.0
65.2805359364 86.0
65.6667890549 86.0
66.0528168678 86.0
66.4391019344 86.0
66.8252229691 86.0
67.2115180492 86.0
67.5977139473 86.0
67.9840788841 86.0
68.3704319 86.0
68.7567028999 86.0
69.1432209015 86.0
69.5296978951 86.0
69.9160308838 86.0
70.3025078773 86.0
70.6888680458 86.0
71.0756030083 86.0
71.4620049 86.0
71.8484930992 86.0
72.2348730564 86.0
72.6214649677 86.0
73.007860899 86.0
73.3946630955 86.0
73.7812259197 86.0
74.1679639816 86.0
74.5545730591 85.0
74.9412910938 86.0
75.3278810978 86.0
75.7147059441 86.0
76.1014270782 85.0
76.4881160259 86.0
76.8747079372 85.0
77.2615230083 85.0
77.647988081 85.0
78.0346279144 85.0
78.4211890697 85.0
78.8078849316 85.0
79.194480896 85.0
79.5812470913 85.0
79.9677948952 85.0
80.3545389175 85.0
80.7411859035 85.0
81.1278390884 85.0
81.5144369602 85.0
81.9011700153 85.0
82.2876410484 85.0
82.6742479801 85.0
83.0608808994 85.0
83.4477579594 85.0
83.8344888687 85.0
84.221460104 85.0
84.6082599163 85.0
84.9953329563 85.0
85.3822760582 85.0
85.7691550255 85.0
86.1560740471 85.0
86.543129921 85.0
86.9300410748 84.0
87.3169438839 84.0
87.7039980888 85.0
88.091201067 85.0
88.4782910347 85.0
88.8655149937 85.0
89.2525269985 85.0
89.6396179199 85.0
90.0266959667 85.0
90.4139609337 85.0
90.8008470535 84.0
91.1881089211 84.0
91.5751430988 85.0
91.9623310566 84.0
92.349711895 85.0
92.7365958691 85.0
93.1237030029 85.0
93.5109360218 84.0
93.8979358673 84.0
94.2849168777 84.0
94.6721749306 84.0
95.0593719482 84.0
95.4465079308 85.0
95.8336520195 84.0
96.2208890915 84.0
96.6077759266 85.0
96.9948771 84.0
97.3821780682 85.0
97.7694530487 84.0
98.1567289829 84.0
98.5439178944 84.0
98.9310729504 84.0
99.3184449673 84.0
99.7054491043 84.0
100.092813969 84.0
100.480088949 84.0
100.867690086 84.0
101.254910946 84.0
101.642340899 84.0
102.029532909 84.0
102.416754007 84.0
102.804054022 84.0
103.191478968 84.0
103.578718901 84.0
103.966019869 84.0
104.353204012 84.0
104.740372896 84.0
105.127959967 85.0
105.515496969 84.0
105.902895927 84.0
106.290313959 83.0
106.677836895 84.0
107.065311909 84.0
107.452683926 84.0
107.839982033 84.0
108.227719069 84.0
108.615369081 83.0
109.002958059 84.0
109.390456915 84.0
109.778084993 83.0
110.165674925 84.0
110.553231001 83.0
110.94095397 83.0
111.328515053 83.0
111.716067076 84.0
112.103834867 84.0
112.491650105 84.0
112.879302979 83.0
113.266985893 83.0
113.654641867 84.0
114.042464018 83.0
114.430387974 83.0
114.817971945 83.0
115.205903053 83.0
115.593707085 83.0
115.981446981 83.0
116.369352102 84.0
116.756967068 84.0
117.144783974 83.0
117.53274107 84.0
117.920618057 84.0
118.30834794 83.0
118.69609189 83.0
119.084009886 84.0
119.471672058 83.0
119.859682083 83.0
120.247672081 83.0
120.635629892 83.0
121.023703098 83.0
121.411618948 83.0
121.799726963 83.0
122.18758893 83.0
122.575705051 83.0
122.963552952 83.0
123.351677895 83.0
123.739510059 83.0
124.127732992 83.0
124.515547991 83.0
124.903907061 83.0
125.291725874 83.0
125.679907084 83.0
126.067898989 83.0
126.456120968 83.0
126.844142914 83.0
127.232539892 83.0
127.620466948 83.0
128.008729935 83.0
128.396748066 83.0
128.78487587 83.0
129.173012018 83.0
129.561290979 83.0
129.949198961 83.0
130.337612867 83.0
130.725497961 83.0
131.113887072 83.0
131.501973867 83.0
131.89014101 83.0
132.278434992 83.0
132.66663909 83.0
133.054758072 83.0
133.443177938 83.0
133.831285954 83.0
134.219656944 83.0
134.607719898 83.0
134.996187925 83.0
135.384187937 83.0
135.772680998 83.0
136.160800934 83.0
136.549347878 83.0
136.937459946 83.0
137.32593894 83.0
137.714092016 83.0
138.102562904 83.0
138.490803957 83.0
138.879117012 83.0
139.267359972 83.0
139.655817986 83.0
140.043966055 83.0
140.432566881 83.0
140.820717096 83.0
141.209141016 83.0
141.59741807 83.0
141.985889912 83.0
142.374190092 83.0
142.762609959 83.0
143.151009083 83.0
143.539525986 83.0
143.927910089 83.0
144.316417933 83.0
144.704892874 83.0
145.093415976 82.0
145.481741905 83.0
145.870007038 83.0
146.25822401 83.0
146.646569014 83.0
147.034950018 83.0
147.423392057 83.0
147.811727047 83.0
148.200135946 83.0
148.588367939 83.0
148.976643085 82.0
149.364934921 83.0
149.753277063 83.0
150.141995907 83.0
150.530623913 83.0
150.919234991 83.0
151.307585001 83.0
151.696074009 83.0
152.08443594 83.0
152.47288394 83.0
152.861270905 83.0
153.249767065 83.0
153.637991905 83.0
154.026475906 83.0
154.414794922 83.0
154.803195953 83.0
155.191610098 83.0
155.580060959 83.0
155.968337059 83.0
156.356862068 82.0
156.745070934 83.0
157.133565903 83.0
157.522068977 83.0
157.910393953 83.0
158.29873395 82.0
158.687323093 83.0
159.076025009 83.0
159.464783907 82.0
159.853499889 83.0
160.241930962 83.0
160.630491972 83.0
161.019206047 83.0
161.407655001 83.0
161.796310902 83.0
162.18481493 83.0
162.573635101 83.0
162.962100029 83.0
163.350823879 83.0
163.73920989 82.0
164.12813592 83.0
164.51671505 83.0
164.905322075 83.0
165.293951988 83.0
165.682568073 83.0
166.071193933 83.0
166.45963192 83.0
166.848118067 83.0
167.23686409 83.0
167.625564098 83.0
168.014008045 82.0
168.402697086 83.0
168.791640043 83.0
169.180252075 82.0
169.569160938 82.0
169.957820892 83.0
170.346854925 83.0
170.735635042 83.0
171.124624014 83.0
171.513398886 83.0
171.902256012 83.0
172.290952921 83.0
172.679774046 82.0
173.068655968 82.0
173.457447052 83.0
173.846348047 83.0
174.235178947 82.0
174.624104977 82.0
175.012827873 83.0
175.401606083 83.0
175.790148973 83.0
176.179069996 83.0
176.567857027 82.0
176.956487894 83.0
177.345458984 83.0
177.734303951 83.0
178.123260021 82.0
178.511976004 82.0
178.900647879 82.0
179.28945899 82.0
179.678539038 82.0
180.067297935 83.0
180.456223011 83.0
180.845202923 83.0
181.234185934 82.0
181.622871876 83.0
182.011777878 82.0
182.400558949 82.0
182.789572001 82.0
183.178768873 83.0
183.567698956 83.0
183.95675087 83.0
184.345792055 82.0
184.734704018 83.0
185.123945951 82.0
185.513063908 83.0
185.902124882 82.0
186.291120052 82.0
186.680109978 83.0
187.069180965 83.0
187.458239079 82.0
187.84730792 82.0
188.236073017 82.0
188.624871969 83.0
189.013742924 82.0
189.402741909 83.0
189.791440964 82.0
190.180434942 83.0
190.569330931 83.0
190.958260059 83.0
191.347162008 82.0
191.736025095 83.0
192.125142097 83.0
192.514268875 82.0
192.903338909 82.0
193.292207956 83.0
193.68117094 82.0
194.070084095 82.0
194.459120035 82.0
194.848057032 82.0
195.236933947 82.0
195.625959873 82.0
196.015117884 81.0
196.404124022 82.0
196.793148994 82.0
197.182224989 82.0
197.571089983 82.0
197.960253954 82.0
198.349377871 83.0
198.738279104 82.0
199.127405882 82.0
199.516593933 81.0
199.905572891 82.0
200.294614077 82.0
200.683778048 82.0
201.072989941 82.0
201.461832047 82.0
201.851020098 82.0
202.240061045 82.0
202.62916708 82.0
203.018323898 82.0
203.407494068 83.0
203.796601057 82.0
204.185775995 82.0
204.575025082 82.0
204.964157104 81.0
205.353242874 82.0
205.742688894 81.0
206.13203907 82.0
206.521318913 81.0
206.910753965 83.0
207.299966097 82.0
207.689337015 82.0
208.078383923 82.0
208.467860937 82.0
208.857130051 82.0
209.246450901 82.0
209.635899067 82.0
210.025240898 82.0
210.414514065 82.0
210.803901911 81.0
211.193166018 82.0
211.582395077 82.0
211.971904993 82.0
212.361335039 82.0
212.750663042 82.0
213.140146971 82.0
213.529421091 82.0
213.91872406 82.0
214.30812192 82.0
214.697547913 82.0
215.086862087 81.0
215.476309061 82.0
215.865665913 82.0
216.254781961 81.0
216.644321918 81.0
217.033788919 82.0
217.423124075 82.0
217.812443972 82.0
218.201843977 82.0
218.591027021 82.0
218.980489016 82.0
219.369986057 82.0
219.759104967 82.0
220.148675919 83.0
220.537996054 82.0
220.927428961 81.0
221.316758871 82.0
221.706130981 82.0
222.095612049 82.0
222.484814882 82.0
222.874326944 82.0
223.263840914 82.0
223.653182983 82.0
224.042756081 81.0
224.431936026 82.0
224.821403027 82.0
225.211004972 82.0
225.60059309 81.0
225.989942074 81.0
226.379388094 82.0
226.768708944 82.0
227.158134937 81.0
227.547637939 82.0
227.937171936 81.0
228.326597929 81.0
228.716137886 81.0
229.105566978 81.0
229.494810104 82.0
229.884305954 82.0
230.273820877 81.0
230.663088083 82.0
231.052561045 81.0
231.441914082 82.0
231.831288099 81.0
232.220895052 81.0
232.610244989 82.0
232.999732971 82.0
233.389344931 81.0
233.778563023 81.0
234.168045044 82.0
234.557713032 82.0
234.947141886 82.0
235.336540937 81.0
235.725821972 82.0
236.11517787 81.0
236.504441977 82.0
236.893963099 82.0
237.283349037 81.0
237.672403097 81.0
238.061999083 81.0
238.451263905 81.0
238.840533018 81.0
239.23000598 82.0
239.619445086 82.0
240.008737087 81.0
240.398211956 81.0
240.787478924 81.0
241.177004099 81.0
241.566514969 81.0
241.956043959 81.0
242.345438004 81.0
242.734935045 81.0
243.124265909 82.0
243.513664961 81.0
243.903173923 82.0
244.292748928 81.0
244.682194948 81.0
245.071745872 81.0
245.46111989 81.0
245.850507021 81.0
246.240108967 81.0
246.629642963 81.0
247.019044876 81.0
247.408631086 82.0
247.797900915 82.0
248.187485933 82.0
248.577039003 82.0
248.966630936 81.0
249.356020927 81.0
249.745596886 81.0
250.135192871 81.0
250.524571896 81.0
250.914148092 81.0
251.303750992 81.0
251.693089008 81.0
252.082719088 82.0
252.47209096 81.0
252.86144805 82.0
253.251045942 81.0
253.640573025 82.0
254.02992487 81.0
254.419296026 81.0
254.808820963 81.0
255.198304892 81.0
255.588116884 81.0
255.977900982 81.0
256.367588043 81.0
256.757296085 81.0
257.14677906 82.0
257.536320925 81.0
257.926064014 82.0
258.31568408 81.0
258.705261946 81.0
259.095047951 82.0
259.484625101 81.0
259.874103069 81.0
260.263817072 81.0
260.653683901 81.0
261.043279886 81.0
261.433052063 81.0
261.822676897 81.0
262.21231389 81.0
262.602041006 81.0
262.991837978 81.0
263.381613016 81.0
263.771174908 81.0
264.160947084 81.0
264.550555944 81.0
264.940475941 81.0
265.330358982 81.0
265.719907045 82.0
266.109893084 81.0
266.499538898 81.0
266.889179945 81.0
267.279035091 82.0
267.668734074 81.0
268.058525085 81.0
268.448383093 81.0
268.838052988 81.0
269.227609873 81.0
269.617527008 81.0
270.007389069 81.0
270.397166014 81.0
270.786957026 81.0
271.176984072 81.0
271.566766024 81.0
271.956746101 81.0
272.346656084 81.0
272.736476898 81.0
273.126486063 81.0
273.516161919 81.0
273.905884027 81.0
274.295751095 82.0
274.685687065 81.0
275.075351 81.0
275.465265036 81.0
275.855082035 81.0
276.24481988 81.0
276.634737015 81.0
277.024657011 81.0
277.414458036 81.0
277.804312944 81.0
278.194293976 81.0
278.584084034 81.0
278.97409296 81.0
279.364085913 81.0
279.753824949 81.0
280.143934011 81.0
280.533802032 81.0
280.923640966 81.0
281.313641071 81.0
281.703480959 81.0
282.09322691 81.0
282.483455896 81.0
282.873399019 81.0
283.263206959 81.0
283.653137922 81.0
284.043097019 81.0
284.432815075 81.0
284.822685003 81.0
285.212572098 81.0
285.602449894 81.0
285.992465973 81.0
286.382521868 81.0
286.772437096 81.0
287.162491083 81.0
287.55232501 81.0
287.942111969 81.0
288.332144976 81.0
288.722192049 81.0
289.11203599 81.0
289.502032042 81.0
289.891799927 81.0
290.281536102 81.0
290.671474934 81.0
291.061393023 81.0
291.451175928 81.0
291.840885878 81.0
292.230844975 82.0
292.62065196 81.0
293.01067996 81.0
293.400671959 81.0
293.790307045 81.0
294.180438042 81.0
294.570290089 81.0
294.960077047 81.0
295.350099087 81.0
295.73999095 81.0
296.129983902 81.0
296.520024061 81.0
296.909799099 81.0
297.299558878 81.0
297.689548969 81.0
298.079760075 81.0
298.469676971 81.0
298.859740973 81.0
299.249550104 81.0
299.639426947 81.0
300.029556036 81.0
300.419563055 81.0
300.809417009 81.0
301.199414015 81.0
301.589318991 81.0
301.979198933 81.0
302.369284868 81.0
302.759388924 81.0
303.149283886 81.0
303.539418936 81.0
303.929229021 81.0
304.318979025 81.0
304.708983898 81.0
305.098957062 81.0
305.488806009 81.0
305.878851891 81.0
306.268747091 81.0
306.658709049 81.0
307.04883194 81.0
307.43896699 81.0
307.828824043 81.0
308.218992949 81.0
308.60887599 81.0
308.998744011 81.0
309.388927937 81.0
309.779044867 81.0
310.169060946 81.0
310.559269905 81.0
310.949374914 81.0
311.339430094 81.0
311.729530096 81.0
312.119845867 81.0
312.509747982 81.0
312.90011096 81.0
313.290088892 81.0
313.679946899 81.0
314.070250988 81.0
314.46041894 81.0
314.850332975 81.0
315.240618944 81.0
315.630553961 81.0
316.020375013 81.0
316.410569906 81.0
316.800669909 81.0
317.190676928 81.0
317.58078289 81.0
317.970885992 81.0
318.360935926 81.0
318.751255989 81.0
319.141625881 81.0
319.531573057 81.0
319.921855927 81.0
320.312036991 81.0
320.702125072 81.0
321.092405081 81.0
321.482666969 81.0
321.872539997 81.0
322.26303792 81.0
322.653039932 81.0
323.043267012 81.0
323.43362093 81.0
323.823843956 81.0
324.214003086 81.0
324.604346037 81.0
324.994467974 81.0
325.384588003 81.0
325.774761915 81.0
326.165162086 81.0
326.555310965 81.0
326.945611954 81.0
327.335893869 81.0
327.725996017 81.0
328.11651206 81.0
328.506813049 81.0
328.89695406 81.0
329.287153006 81.0
329.677268982 81.0
330.067387104 81.0
330.457789898 81.0
330.847893 81.0
331.238245964 81.0
331.628629923 81.0
332.018796921 81.0
332.408910036 81.0
332.799331903 81.0
333.189713955 81.0
333.579864979 81.0
333.970263958 81.0
334.360388994 81.0
334.750616074 81.0
335.140932083 81.0
335.531171083 81.0
335.921406984 81.0
336.31188798 81.0
336.701822996 81.0
337.092058897 81.0
337.482531071 81.0
337.872848988 81.0
338.263069868 81.0
338.653431892 81.0
339.043776989 81.0
339.434170961 81.0
339.824465036 81.0
340.214936972 81.0
340.605098009 81.0
340.995454073 81.0
341.385684013 81.0
341.775676012 81.0
342.166003942 81.0
342.55624795 81.0
342.946374893 81.0
343.336737871 81.0
343.726732969 81.0
344.116986036 81.0
344.507375956 81.0
344.897732973 81.0
345.287921906 81.0
345.678297997 81.0
346.068542004 81.0
346.458790064 81.0
346.849225998 81.0
347.239739895 80.0
347.630008936 81.0
348.020451069 81.0
348.410690069 81.0
348.801188946 81.0
349.191490889 81.0
349.581835032 81.0
349.972275019 81.0
350.362653017 81.0
350.752948046 81.0
351.14320302 81.0
351.533653975 81.0
351.92382288 81.0
352.314123869 81.0
352.70450592 81.0
353.0947299 81.0
353.485161066 81.0
353.87519598 81.0
354.265537977 81.0
354.65594101 81.0
355.046319008 80.0
355.436681986 80.0
355.827082872 81.0
356.217544079 81.0
356.607697964 81.0
356.997885942 80.0
357.388292074 81.0
357.778450966 81.0
358.168802977 81.0
358.559154034 81.0
358.949423075 81.0
359.339685917 81.0
359.730031013 81.0
360.120625973 81.0
360.510981083 81.0
360.901527882 81.0
361.291718006 81.0
361.682214975 81.0
362.072683096 81.0
362.463186979 81.0
362.853408098 81.0
363.243956089 80.0
363.634279966 81.0
364.024852991 81.0
364.415339947 81.0
364.805692911 81.0
365.196148872 81.0
365.586440086 81.0
365.976852894 81.0
366.367445946 80.0
366.758043051 81.0
367.148562908 81.0
367.538987875 81.0
367.929406881 80.0
368.319870949 81.0
368.7102561 81.0
369.10057497 81.0
369.491116047 81.0
369.881179094 81.0
370.271658897 81.0
370.662167072 81.0
371.05272603 81.0
371.443124056 81.0
371.833733082 81.0
372.22409296 80.0
372.614511013 81.0
373.004976988 81.0
373.395354986 81.0
373.785652876 81.0
374.176203012 81.0
374.566518068 81.0
374.95678997 81.0
375.347189903 81.0
375.73754406 81.0
376.127860069 81.0
376.518131971 80.0
376.908369064 80.0
377.298877954 80.0
377.689033031 80.0
378.079721928 80.0
378.470078945 80.0
378.860589027 81.0
379.251127958 80.0
379.641468048 81.0
380.031893015 81.0
380.422432899 81.0
380.812758923 81.0
381.203347921 81.0
381.593683004 81.0
381.983877897 80.0
382.374438047 80.0
382.764890909 80.0
383.155418873 81.0
383.545634985 81.0
383.936383009 81.0
384.326742887 81.0
384.717206955 81.0
385.107744932 80.0
385.498177052 80.0
385.888609886 81.0
386.279160023 81.0
386.669653893 81.0
387.059761047 80.0
387.450088978 80.0
387.84057498 81.0
388.231050014 80.0
388.621407032 81.0
389.011805058 80.0
389.401921034 80.0
389.792340994 80.0
390.182717085 81.0
390.573083878 81.0
390.963381052 80.0
391.353730917 80.0
391.744057894 81.0
392.134723902 80.0
392.525342941 81.0
392.915611029 81.0
393.306067944 80.0
393.69633007 81.0
394.087065935 81.0
394.477602959 80.0
394.86797595 81.0
395.258647919 80.0
395.648942947 81.0
396.039443016 81.0
396.429698944 81.0
396.820255041 81.0
397.210601091 80.0
397.600997925 81.0
397.991617918 81.0
398.382070065 81.0
398.772588968 80.0
399.163271904 80.0
399.553750992 81.0
399.94432807 81.0
400.334625006 81.0
400.725169897 80.0
401.115571022 81.0
401.506236076 80.0
401.89665103 80.0
402.287317991 80.0
402.677627087 80.0
403.068063974 81.0
403.458534002 81.0
403.848809958 80.0
404.23910594 81.0
404.62966609 80.0
405.020011902 80.0
405.410525084 81.0
405.800749063 81.0
406.191286087 80.0
406.581625938 80.0
406.971955061 80.0
407.36243391 81.0
407.75296998 81.0
408.143229008 81.0
408.53373909 81.0
408.924084902 81.0
409.314781904 80.0
409.705105066 81.0
410.095653057 80.0
410.485899925 81.0
410.876497984 81.0
411.266867876 80.0
411.657459974 80.0
412.047883034 81.0
412.438404083 81.0
412.828772068 81.0
413.219296932 81.0
413.60965991 80.0
413.999947071 81.0
414.390440941 81.0
414.780605078 81.0
415.170979023 80.0
415.561336994 80.0
415.951689959 81.0
416.342200041 80.0
416.732307911 81.0
417.122963905 81.0
417.513185024 81.0
417.903553963 80.0
418.293948889 80.0
418.684377909 81.0
419.074575901 80.0
419.464914083 81.0
419.855370998 80.0
420.245714903 80.0
420.636045933 80.0
421.026731014 81.0
421.417111874 80.0
421.807713032 80.0
422.197936058 81.0
422.58859992 80.0
422.978916883 81.0
423.369826078 81.0
423.760231018 81.0
424.150904894 81.0
424.542686939 80.0
424.931787968 80.0
425.322242975 81.0
425.712927103 81.0
426.103715897 81.0
426.494297981 81.0
426.884825945 80.0
427.275280952 80.0
427.666058064 80.0
428.056529999 81.0
428.447223902 80.0
428.837722063 81.0
429.22836709 80.0
429.619050026 80.0
430.009769917 80.0
430.400244951 81.0
430.791008949 80.0
431.18137002 80.0
431.57219696 81.0
431.962948084 80.0
432.353558064 80.0
432.744262934 80.0
433.134716988 80.0
433.525353909 80.0
433.915772915 80.0
434.306400061 81.0
434.697045088 81.0
435.087584972 81.0
435.478010893 81.0
435.868675947 80.0
436.259373903 81.0
436.649976015 80.0
437.040333986 81.0
437.431116104 80.0
437.821749926 80.0
438.212378979 81.0
438.602827072 80.0
438.993387938 81.0
439.383900881 80.0
439.774525881 80.0
440.164872885 81.0
440.555357933 81.0
440.945877075 80.0
441.336478949 81.0
441.726790905 80.0
442.117466927 80.0
442.507858038 81.0
442.898354053 81.0
443.28884697 80.0
443.679411888 80.0
444.069909096 81.0
444.460526943 80.0
444.851047039 81.0
445.241831064 80.0
445.632247925 80.0
446.022942066 81.0
446.413462877 81.0
446.804090023 81.0
447.194545984 80.0
447.585196972 81.0
447.97565794 81.0
448.366116047 80.0
448.756737947 81.0
449.147204876 81.0
449.537872076 80.0
449.928411961 81.0
450.319053888 81.0
450.709743023 80.0
451.100188971 80.0
451.490839005 80.0
451.881515026 81.0
452.271966934 81.0
452.662748098 81.0
453.053164005 81.0
453.443739891 80.0
453.834361076 80.0
454.224927902 81.0
454.615699053 81.0
455.006145 81.0
455.39674902 80.0
455.787184954 80.0
456.17771697 81.0
456.568233967 80.0
456.958729029 80.0
457.349253893 80.0
457.739588976 80.0
458.130270958 80.0
458.520734072 80.0
458.911359072 80.0
459.301923037 80.0
459.692256927 81.0
460.082836866 81.0
460.473269939 81.0
460.863861084 81.0
461.254257917 81.0
461.644677877 81.0
462.035207987 81.0
462.425801992 80.0
462.816220045 81.0
463.206790924 80.0
463.597057104 80.0
463.987644911 81.0
464.378076077 80.0
464.768631935 80.0
465.15920496 81.0
465.549562931 80.0
465.940128088 81.0
466.330739021 81.0
466.72100687 80.0
467.111711025 80.0
467.502047062 81.0
467.892770052 80.0
468.283190966 80.0
468.673841 81.0
469.064459085 80.0
469.454915047 80.0
469.845510006 81.0
470.235876083 81.0
470.62616992 80.0
471.016700983 81.0
471.407109976 81.0
471.797702074 81.0
472.188354969 81.0
472.578782082 81.0
472.969372988 81.0
473.359914064 80.0
473.750339031 81.0
474.141041994 80.0
474.531347036 80.0
474.921787024 80.0
475.312390089 81.0
475.702574015 81.0
476.093257904 81.0
476.483649015 81.0
476.87404108 81.0
477.264610052 81.0
477.655128956 81.0
478.045640945 81.0
478.436182022 80.0
478.826555014 80.0
479.217254877 81.0
479.607666016 81.0
479.998058081 81.0
480.388642073 80.0
480.77908802 81.0
481.169702053 81.0
481.560246944 81.0
481.95063591 80.0
482.341132879 81.0
482.731608868 81.0
483.122181892 81.0
483.512548923 80.0
483.902904034 81.0
484.293566942 81.0
484.683995962 81.0
485.074477911 81.0
485.465130091 81.0
485.855601072 80.0
486.246042013 81.0
486.636600971 80.0
487.026942015 81.0
487.417577028 80.0
487.807811975 81.0
488.198283911 81.0
488.58873105 80.0
488.978877068 80.0
489.369509935 81.0
489.759885073 80.0
490.150301933 81.0
490.54080987 80.0
490.931284904 80.0
491.321687937 81.0
491.711966038 80.0
492.102605104 81.0
492.492955923 81.0
492.883481026 80.0
493.273767948 81.0
493.664222002 81.0
494.054627895 80.0
494.444979906 81.0
494.835422993 80.0
495.225683928 81.0
495.616133928 80.0
496.006247997 81.0
496.396980047 81.0
496.787323952 81.0
497.177860975 81.0
497.568186045 81.0
497.958540916 81.0
498.349112988 81.0
498.739578009 80.0
499.129921913 80.0
499.520392895 81.0
499.910834074 81.0
500.301120043 81.0
500.691407919 80.0
501.081836939 81.0
501.472100019 80.0
501.862451077 81.0
502.252968073 81.0
502.643284082 80.0
503.033524036 80.0
503.423866987 81.0
503.814301014 80.0
504.204712868 80.0
504.595253944 80.0
504.98557806 80.0
505.376048088 80.0
505.766360044 80.0
506.156792879 81.0
506.547008991 81.0
506.937398911 80.0
507.327508926 81.0
507.71795392 81.0
508.108083963 81.0
508.498405933 80.0
508.888880014 81.0
509.27925396 81.0
509.669744015 81.0
510.059838057 81.0
510.450095892 81.0
510.840410948 80.0
511.230736971 81.0
511.621249914 81.0
512.011321068 81.0
512.401850939 81.0
512.792299032 81.0
513.182864904 81.0
513.573169947 81.0
513.963598967 81.0
514.353857994 81.0
514.744174004 81.0
515.134587049 80.0
515.525038958 80.0
515.915565014 80.0
516.305942059 81.0
516.696460962 80.0
517.086951971 80.0
517.477534056 81.0
517.868124962 80.0
518.258471012 81.0
518.648989916 80.0
519.03946209 81.0
519.429936886 81.0
519.82032299 81.0
520.210520029 81.0
520.600907087 81.0
520.991411924 81.0
521.382068872 80.0
521.772599936 80.0
522.163138866 81.0
522.55371809 80.0
522.944199085 80.0
523.334817886 81.0
523.725401878 81.0
524.11590004 80.0
524.506416082 81.0
524.897105932 81.0
525.287499905 81.0
525.67792201 80.0
526.068577051 81.0
526.458888054 80.0
526.849575996 81.0
527.239902973 81.0
527.630428076 81.0
528.020657063 81.0
528.411113024 81.0
528.801614046 80.0
529.192111015 80.0
529.582661867 81.0
529.972872972 81.0
530.363512039 80.0
530.753829956 80.0
531.144355059 81.0
531.534692049 81.0
531.924990892 81.0
532.315597057 81.0
532.705981016 81.0
533.096251965 80.0
533.486774921 81.0
533.877148867 80.0
534.267421961 81.0
534.657577038 81.0
535.048112869 80.0
535.438602924 80.0
535.828973055 80.0
536.21954608 81.0
536.610087872 80.0
537.000446081 80.0
537.391119003 80.0
537.781342983 81.0
538.172036886 81.0
538.562398911 80.0
538.952646017 81.0
539.343313932 81.0
539.733615875 80.0
540.124062061 81.0
540.514556885 80.0
540.90497303 81.0
541.295497894 81.0
541.685898066 81.0
542.076472044 81.0
542.466737986 81.0
542.857007027 80.0
543.247513056 81.0
543.637893915 81.0
544.028053999 81.0
544.418751001 80.0
544.809115887 81.0
545.199717999 81.0
545.59019208 81.0
545.980637074 81.0
546.37104702 81.0
546.76154089 81.0
547.151844025 81.0
547.542358875 81.0
547.932952881 81.0
548.323280096 81.0
548.713751078 81.0
549.104125977 81.0
549.494484901 81.0
549.885036945 81.0
550.275481939 81.0
550.66582799 81.0
551.056180954 80.0
551.446419954 81.0
551.836834908 81.0
552.22723794 81.0
552.617582083 81.0
553.008157969 81.0
553.398384094 80.0
553.788793087 81.0
554.179392099 80.0
554.569659948 81.0
554.960047007 81.0
555.350286007 80.0
555.740426064 81.0
556.131130934 81.0
556.521346092 81.0
556.911642075 81.0
557.30221796 81.0
557.692559958 81.0
558.082815886 81.0
558.473284006 80.0
558.863749981 80.0
559.254198074 81.0
559.644463062 81.0
560.034712076 81.0
560.42513299 81.0
560.815416098 81.0
561.205817938 81.0
561.596421957 81.0
561.986725092 81.0
562.377081871 81.0
562.767471075 81.0
563.157767057 81.0
563.548242092 80.0
563.93868494 81.0
564.329133034 81.0
564.719449997 81.0
565.109750032 80.0
565.500317097 81.0
565.890662909 81.0
566.280888081 80.0
566.671346903 81.0
567.061631918 81.0
567.452224016 81.0
567.842499971 81.0
568.232733965 81.0
568.623158932 81.0
569.0136621 80.0
569.403881073 81.0
569.794310093 81.0
570.18464303 81.0
570.574862957 81.0
570.965413094 81.0
571.355686903 81.0
571.745943069 81.0
572.136519909 81.0
572.52678299 80.0
572.91720891 81.0
573.307594061 80.0
573.697730064 81.0
574.088018894 81.0
574.478360891 80.0
574.868675947 81.0
575.25907588 81.0
575.649636984 80.0
576.03967905 81.0
576.430257082 81.0
576.820616961 81.0
577.211149931 81.0
577.601612091 81.0
577.991793871 81.0
578.382215023 80.0
578.772737026 81.0
579.163198948 81.0
579.553606033 80.0
579.943821907 81.0
580.33435297 81.0
580.724684 80.0
581.115047932 81.0
581.505608082 81.0
581.895884991 81.0
582.286385059 81.0
582.676733017 81.0
583.067003012 80.0
583.457616091 81.0
583.84791398 80.0
584.238210917 81.0
584.62883687 81.0
585.019203901 81.0
585.409729958 81.0
585.80005002 81.0
586.190349102 81.0
586.580894947 81.0
586.971390963 81.0
587.361778021 81.0
587.752211094 81.0
588.142546892 81.0
588.53281498 81.0
588.923280954 80.0
589.313733101 81.0
589.704233885 81.0
590.094564915 81.0
590.484844923 81.0
590.875320911 81.0
591.265794992 81.0
591.656013966 80.0
592.04635191 81.0
592.436645031 80.0
592.827168941 81.0
593.217530012 81.0
593.608296871 81.0
593.99861908 80.0
594.388909101 81.0
594.779306889 81.0
595.169903994 81.0
595.560189962 81.0
595.950869083 81.0
596.3411901 81.0
596.731404066 81.0
597.12214303 81.0
597.512733936 80.0
597.903100014 80.0
598.293612957 80.0
598.683990955 80.0
599.074506044 81.0
599.465014935 80.0
599.855396986 81.0
600.245953083 80.0
600.636199951 81.0
601.026673079 80.0
601.417042017 80.0
601.807597876 81.0
602.198317051 81.0
602.588550091 80.0
602.978971004 80.0
603.369548082 81.0
603.759880066 80.0
604.150512934 81.0
604.5411129 81.0
604.931387901 80.0
605.321886063 81.0
605.712325096 81.0
606.102696896 81.0
606.493041039 81.0
606.88357091 81.0
607.273748875 81.0
607.664264917 81.0
608.054537058 81.0
608.445232868 81.0
608.835548878 80.0
609.226016045 81.0
609.616340876 81.0
610.00682497 81.0
610.397026062 81.0
610.787436008 80.0
611.177872896 81.0
611.568145037 81.0
611.958422899 81.0
612.348906994 80.0
612.739172935 81.0
613.12972188 81.0
613.520163059 80.0
613.910449028 80.0
614.30092907 81.0
614.691495895 81.0
615.081873894 81.0
615.472256899 81.0
615.862600088 81.0
616.253262997 81.0
616.643580914 80.0
617.034090042 81.0
617.424331903 81.0
617.814702988 81.0
618.205235958 81.0
618.595557928 80.0
618.986018896 81.0
619.376548052 81.0
619.76692009 81.0
620.157429934 81.0
620.547754049 81.0
620.938001871 80.0
621.328361988 80.0
621.718334913 81.0
622.108855009 81.0
622.498876095 81.0
622.889134884 80.0
623.27965498 81.0
623.669866085 81.0
624.060105085 81.0
624.450499058 81.0
624.840657949 80.0
625.231088877 81.0
625.621416092 81.0
626.011704922 81.0
626.40191102 81.0
626.792123079 80.0
627.182621002 81.0
627.573110104 81.0
627.963511944 81.0
628.353863001 81.0
628.74406004 81.0
629.13448596 81.0
629.524741888 81.0
629.915095091 81.0
630.305533886 81.0
630.695781946 81.0
631.086232901 80.0
631.476428986 81.0
631.866770983 81.0
632.257243872 81.0
632.647372007 80.0
633.037883997 81.0
633.428032875 81.0
633.818079948 81.0
634.208250999 81.0
634.598273039 81.0
634.988463879 81.0
635.379064083 81.0
635.76936388 81.0
636.159808874 81.0
636.550097942 80.0
636.940263987 81.0
637.331024885 81.0
637.721509933 81.0
638.111902952 81.0
638.502362013 81.0
638.892724991 81.0
639.283122063 81.0
639.673707008 81.0
640.064275026 81.0
640.454623938 81.0
640.845048904 81.0
641.235424042 81.0
641.625792027 81.0
642.016297102 81.0
642.406925917 80.0
642.797164917 80.0
643.187824011 81.0
643.578350067 81.0
643.96863389 81.0
644.358936071 81.0
644.749258041 81.0
645.139956951 81.0
645.530205011 81.0
645.920686007 81.0
646.310965061 81.0
646.701143026 81.0
647.091738939 80.0
647.482181072 81.0
647.872710943 80.0
648.263040066 81.0
648.653505087 81.0
649.044072866 80.0
649.434395075 81.0
649.824904919 80.0
650.215131044 81.0
650.605545044 81.0
650.995732069 81.0
651.386287928 81.0
651.776396036 81.0
652.166842937 81.0
652.557286024 81.0
652.947622061 81.0
653.33791995 81.0
653.72833395 80.0
654.118705034 81.0
654.509137869 81.0
654.899525881 81.0
655.289974928 81.0
655.680456877 81.0
656.07062006 81.0
656.460814953 81.0
656.851053953 81.0
657.241635084 81.0
657.631849051 80.0
658.022247076 81.0
658.412581921 81.0
658.802963972 81.0
659.193397999 81.0
659.583757877 81.0
659.974351883 81.0
660.364850044 81.0
660.754905939 81.0
661.145652056 81.0
661.535973072 81.0
661.926347971 80.0
662.316870928 81.0
662.707000017 80.0
663.097594023 81.0
663.487967014 81.0
663.878118992 81.0
664.268730879 81.0
664.658921957 80.0
665.049211025 80.0
665.439713001 81.0
665.830069065 80.0
666.220748901 81.0
666.61117506 81.0
667.001420021 81.0
667.391783953 81.0
667.782133102 80.0
668.17286706 81.0
668.563435078 81.0
668.953736067 81.0
669.344130993 81.0
669.73455596 81.0
670.12522006 81.0
670.515582085 81.0
670.906022072 81.0
671.296386957 81.0
671.686712027 81.0
672.077387094 81.0
672.467951059 81.0
672.858129978 81.0
673.248744011 81.0
673.639051914 81.0
674.029421091 81.0
674.419943094 81.0
674.810385942 80.0
675.200790882 81.0
675.591293097 81.0
675.98162508 80.0
676.372128963 80.0
676.76254487 81.0
677.153059959 80.0
677.543121099 81.0
677.933665991 81.0
678.324110031 81.0
678.714485884 81.0
679.105014086 81.0
679.495409012 81.0
679.886017084 80.0
680.27658391 80.0
680.667233944 81.0
681.057669878 81.0
681.448291063 81.0
681.83860898 80.0
682.22911787 81.0
682.619617939 81.0
683.010155916 81.0
683.400659084 81.0
683.791094065 81.0
684.181684971 81.0
684.572042942 80.0
684.962720871 80.0
685.353237867 81.0
685.743687868 80.0
686.134236097 81.0
686.524718046 81.0
686.91545105 81.0
687.305989981 81.0
687.696451902 81.0
688.087023973 81.0
688.477560997 80.0
688.868057966 81.0
689.258569002 80.0
689.649060011 81.0
690.03977108 81.0
690.430160046 81.0
690.820590973 81.0
691.211180925 80.0
691.601687908 81.0
691.992233992 80.0
692.382673025 81.0
692.773072004 80.0
693.163676977 81.0
693.554255962 81.0
693.944902897 80.0
694.335300922 81.0
694.725919008 80.0
695.116340876 80.0
695.506774902 81.0
695.897433043 81.0
696.287810087 81.0
696.678059101 81.0
697.068933964 81.0
697.459601879 81.0
697.849970102 80.0
698.240837097 81.0
698.631251097 80.0
699.021863937 80.0
699.412231922 80.0
699.80269599 80.0
700.193469048 80.0
700.583890915 81.0
700.974457026 80.0
701.364861012 81.0
701.755244017 81.0
702.145734072 80.0
702.536246061 81.0
702.926529884 81.0
703.317112923 81.0
703.707480907 81.0
704.097723961 81.0
704.488350868 81.0
704.878797054 80.0
705.269083977 80.0
705.659342051 81.0
706.049920082 80.0
706.440162897 80.0
706.830446959 81.0
707.22080493 81.0
707.611227036 80.0
708.001770973 81.0
708.392119884 80.0
708.782479048 81.0
709.17295289 81.0
709.563572884 80.0
709.953927994 81.0
710.344491959 80.0
710.735049963 80.0
711.125637054 80.0
711.51594305 81.0
711.906466961 80.0
712.296751976 81.0
712.687023878 80.0
713.077661991 81.0
713.468234062 81.0
713.858535051 81.0
714.248985052 80.0
714.639347076 80.0
715.029881001 80.0
715.420337915 81.0
715.810837984 81.0
716.201421022 81.0
716.59187007 81.0
716.982429981 81.0
717.373002052 80.0
717.76331687 80.0
718.154025078 80.0
718.544718027 80.0
718.935214043 81.0
719.325787067 80.0
719.716228008 80.0
720.10679388 80.0
720.497345924 81.0
720.887773037 81.0
721.278373957 80.0
721.668524027 80.0
722.059226036 81.0
722.449754 80.0
722.840046883 81.0
723.23081708 80.0
723.621242046 80.0
724.011861086 81.0
724.402523994 80.0
724.792835951 80.0
725.183649063 80.0
725.574076891 80.0
725.964747906 80.0
726.355238914 80.0
726.745673895 80.0
727.136439085 80.0
727.526906013 81.0
727.917680025 80.0
728.308175087 80.0
728.698947906 81.0
729.089664936 80.0
729.480293036 80.0
729.871329069 80.0
730.261966944 80.0
730.652828932 80.0
731.043449879 80.0
731.434241056 80.0
731.824878931 80.0
732.215544939 81.0
732.606242895 80.0
732.99673605 81.0
733.387504101 81.0
733.777843952 81.0
734.168664932 81.0
734.559141874 81.0
734.949568987 81.0
735.340131998 81.0
735.730594873 80.0
736.121104956 81.0
736.511740923 80.0
736.902170897 81.0
737.292757988 80.0
737.683304071 80.0
738.073936939 80.0
738.464581966 80.0
738.855007887 81.0
739.24562192 80.0
739.635786057 81.0
740.026535988 80.0
740.41724205 81.0
740.807781935 80.0
741.198515892 80.0
741.589300871 80.0
741.980056047 80.0
742.370521069 81.0
742.761153936 80.0
743.151787043 80.0
743.542469978 80.0
743.933096886 81.0
744.323827028 79.0
744.714451075 80.0
745.105089903 80.0
745.495589972 80.0
745.886313915 81.0
746.276820898 81.0
746.667578936 80.0
747.058024883 80.0
747.44885993 80.0
747.839235067 80.0
748.230089903 80.0
748.620584011 80.0
749.011277914 80.0
749.402025938 80.0
749.792442083 81.0
750.183230877 80.0
750.573755026 80.0
750.964255095 80.0
751.354882956 81.0
751.745084047 81.0
752.135823965 80.0
752.526279926 81.0
752.916658878 80.0
753.307338953 80.0
753.697998047 81.0
754.088536024 80.0
754.47931695 80.0
754.869818926 80.0
755.260545015 81.0
755.65100503 81.0
756.041685104 80.0
756.432256937 80.0
756.822845936 80.0
757.213748932 80.0
757.60424304 80.0
757.994957924 81.0
758.385616064 80.0
758.776180029 80.0
759.166861057 80.0
759.557553053 81.0
759.948121071 81.0
760.338751078 81.0
760.729280949 80.0
761.119900942 80.0
761.510348082 81.0
761.900954008 81.0
762.291441917 80.0
762.682029963 80.0
763.072793007 80.0
763.463393927 80.0
763.853734016 80.0
764.244587898 81.0
764.635044098 81.0
765.025681019 81.0
765.416198015 81.0
765.806766033 80.0
766.197498083 80.0
766.588165045 81.0
766.978894949 80.0
767.369734049 80.0
767.76057601 80.0
768.151247025 80.0
768.542072058 80.0
768.932708979 80.0
769.323502064 81.0
769.714296103 80.0
770.104958057 81.0
770.495686054 80.0
770.886544943 80.0
771.277296066 80.0
771.667957067 80.0
772.058755875 80.0
772.449728012 80.0
772.84026289 80.0
773.231121063 80.0
773.621951103 81.0
774.012530088 80.0
774.403441906 79.0
774.793991089 80.0
775.184756041 80.0
775.575519085 80.0
775.965892076 80.0
776.356791019 80.0
776.747123003 81.0
777.138114929 80.0
777.528866053 81.0
777.919626951 81.0
778.310137987 81.0
778.700947046 81.0
779.09154892 80.0
779.482127905 80.0
779.872884989 80.0
780.263611078 81.0
780.654228926 80.0
781.044637918 80.0
781.435416937 81.0
781.826056004 80.0
782.216671944 80.0
782.607491016 80.0
782.997869968 80.0
783.388729095 80.0
783.779246092 80.0
784.169888973 81.0
784.560656071 81.0
784.951287985 80.0
785.341711044 80.0
785.732569933 80.0
786.123270035 81.0
786.513962984 80.0
786.904592037 80.0
787.295403004 80.0
787.686178923 80.0
788.07672596 80.0
788.467544079 81.0
788.858231068 81.0
789.248760939 80.0
789.639354944 80.0
790.029953003 81.0
790.420927048 80.0
790.811775923 80.0
791.202596903 81.0
791.593298912 80.0
791.984042883 80.0
792.374598026 81.0
792.765374899 80.0
793.155982971 81.0
793.546686888 80.0
793.937393904 80.0
794.328187943 80.0
794.718748093 80.0
795.109680891 80.0
795.500459909 80.0
795.891094923 80.0
796.28176403 81.0
796.672442913 81.0
797.062937021 80.0
797.453646898 80.0
797.844084024 80.0
798.234654903 80.0
798.625201941 80.0
799.015506983 81.0
799.406290054 80.0
799.796609879 80.0
800.187351942 81.0
800.577982903 80.0
800.968492985 80.0
801.359127045 81.0
801.749554873 80.0
802.140265942 80.0
802.530920029 80.0
802.921709061 80.0
803.312180996 80.0
803.702907085 81.0
804.093400955 80.0
804.483895063 80.0
804.874339104 80.0
805.264832973 80.0
805.655361891 80.0
806.045718908 80.0
806.436402082 80.0
806.826807022 80.0
807.217351913 80.0
807.607985973 81.0
807.998529911 80.0
808.389086962 80.0
808.779521942 81.0
809.170095921 81.0
809.560415983 80.0
809.951086044 80.0
810.341511965 80.0
810.732105017 80.0
811.122958899 81.0
811.513352871 80.0
811.903968096 80.0
812.294599056 80.0
812.685292959 80.0
813.075937033 80.0
813.466460943 81.0
813.856973886 80.0
814.247596025 80.0
814.638294935 81.0
815.028925896 81.0
815.419540882 80.0
815.810018063 80.0
816.200653076 80.0
816.591265917 80.0
816.981683016 80.0
817.372186899 81.0
817.762464046 80.0
818.1530931 80.0
818.543428898 81.0
818.934020042 80.0
819.324451923 81.0
819.715018988 80.0
820.105371952 80.0
820.495840073 81.0
820.886439085 81.0
821.276802063 81.0
821.667134047 80.0
822.057651043 80.0
822.447968006 80.0
822.83833909 80.0
823.228791952 80.0
823.619337082 81.0
824.009840965 81.0
824.400182962 80.0
824.790462971 80.0
825.18107295 81.0
825.571597099 80.0
825.962064028 81.0
826.352571964 80.0
826.742879868 81.0
827.133495092 81.0
827.524077892 81.0
827.914517879 80.0
828.305069923 81.0
828.69520998 80.0
829.085926056 81.0
829.476154089 80.0
829.866597891 81.0
830.257034063 80.0
830.647593975 80.0
831.037896872 80.0
831.428416014 80.0
831.818695068 80.0
832.209135056 81.0
832.599624872 80.0
832.989890099 81.0
833.380357027 81.0
833.770586014 81.0
834.160990953 80.0
834.551234007 80.0
834.941668987 81.0
835.331896067 80.0
835.722044945 81.0
836.112533092 81.0
836.502882004 81.0
836.893290043 80.0
837.283547878 81.0
837.673904896 81.0
838.064322948 80.0
838.454564095 81.0
838.844964027 80.0
839.23546195 81.0
839.625982046 81.0
840.016254902 80.0
840.406775951 81.0
840.79699707 80.0
841.187711 81.0
841.578062057 81.0
841.968511105 81.0
842.358886957 80.0
842.749362946 80.0
843.139950037 80.0
843.530494928 81.0
843.920923948 80.0
844.311299086 81.0
844.701708078 81.0
845.092294931 81.0
845.48289299 81.0
845.873189926 80.0
846.263488054 80.0
846.65416503 81.0
847.044755936 80.0
847.43540597 81.0
847.825860977 81.0
848.216603994 81.0
848.606930971 81.0
848.997765064 81.0
849.388341904 81.0
849.778537989 81.0
850.169288874 81.0
850.559828997 81.0
850.950223923 81.0
851.340816021 81.0
851.731182098 81.0
852.121753931 81.0
852.512379885 81.0
852.902723074 81.0
853.292973995 81.0
853.683387041 81.0
854.073973894 81.0
854.464375973 81.0
854.854912996 81.0
855.245182037 80.0
855.635653973 81.0
856.026258945 81.0
856.416568041 80.0
856.806748867 81.0
857.197391033 81.0
857.587743044 80.0
857.978276014 80.0
858.368614912 81.0
858.758975029 80.0
859.14942503 81.0
859.540000916 81.0
859.930260897 80.0
860.320729971 81.0
860.711142063 81.0
861.10167408 81.0
861.492038965 81.0
861.882350922 81.0
862.272969007 81.0
862.663472891 81.0
863.054030895 81.0
863.444652081 81.0
863.834912062 80.0
864.225419998 81.0
864.616165876 81.0
865.006664038 81.0
865.39713192 81.0
865.787668943 81.0
866.178225994 80.0
866.568717957 81.0
866.959333897 81.0
867.349823952 81.0
867.740068913 80.0
868.130976915 80.0
868.521440029 80.0
868.912132025 81.0
869.302787066 81.0
869.69324398 80.0
870.083748102 80.0
870.474339008 80.0
870.865017891 81.0
871.255315065 80.0
871.645582914 81.0
872.036422968 81.0
872.426944017 81.0
872.817421913 81.0
873.207989931 80.0
873.598291874 81.0
873.98894906 81.0
874.379304886 81.0
874.76957798 81.0
875.160204887 81.0
875.550595045 80.0
875.940962076 81.0
876.331613064 80.0
876.721831083 81.0
877.112682104 80.0
877.502996922 81.0
877.893574953 81.0
878.284075975 80.0
878.674483061 81.0
879.065027952 80.0
879.45542407 81.0
879.845793962 81.0
880.236316919 81.0
880.626820087 80.0
881.017236948 80.0
881.407806873 81.0
881.798080921 80.0
882.18875289 80.0
882.579436064 81.0
882.970067978 81.0
883.360614061 81.0
883.751010895 81.0
884.141850948 81.0
884.532603979 81.0
884.923103094 81.0
885.313797951 81.0
885.704313993 80.0
886.094814062 80.0
886.485445976 81.0
886.876004934 81.0
887.266625881 81.0
887.657068968 81.0
888.047532082 81.0
888.437906981 81.0
888.828255892 81.0
889.21866107 81.0
889.609123945 81.0
889.999695063 81.0
890.390120983 81.0
890.780463934 81.0
891.170969963 81.0
891.561587095 80.0
891.952060938 81.0
892.342575073 80.0
892.732899904 80.0
893.123538017 81.0
893.513864994 80.0
893.904205084 81.0
894.294737101 81.0
894.684974909 80.0
895.075519085 80.0
895.46574688 81.0
895.85620594 81.0
896.246533871 81.0
896.637006998 81.0
897.027196884 81.0
897.417581081 80.0
897.807771921 81.0
898.198195934 81.0
898.588386059 81.0
898.978868008 81.0
899.369185925 81.0
899.759238958 81.0
900.149964094 81.0
900.540519953 81.0
900.930809975 81.0
901.32141304 81.0
901.711654902 81.0
902.102317095 80.0
902.492959976 81.0
902.883353949 81.0
903.273767948 81.0
903.664344072 81.0
904.054663897 81.0
904.445003033 81.0
904.835484028 80.0
905.226093054 81.0
905.616573095 80.0
906.006814957 81.0
906.397243977 81.0
906.787576914 80.0
907.177937984 81.0
907.568372011 81.0
907.958592892 81.0
908.34907198 81.0
908.739397049 81.0
909.129725933 81.0
909.520123005 81.0
909.910527945 81.0
910.300904036 81.0
910.691315889 81.0
911.081526995 81.0
911.471747875 81.0
911.861998081 80.0
912.252543926 80.0
912.64300704 81.0
913.033259869 81.0
913.423691034 81.0
913.813821077 81.0
914.203995943 81.0
914.594354868 81.0
914.984647989 81.0
915.374897003 81.0
915.765196085 80.0
916.155523062 81.0
916.545933008 81.0
916.936320066 81.0
917.326427937 81.0
917.716540098 81.0
918.106966019 80.0
918.497159958 81.0
918.887444973 81.0
919.277801037 81.0
919.667989016 81.0
920.058477879 81.0
920.448687077 81.0
920.838869095 81.0
921.2294631 81.0
921.620028973 81.0
922.010236025 81.0
922.400685072 81.0
922.790912867 81.0
923.181160927 81.0
923.571660042 80.0
923.962058067 81.0
924.352375984 81.0
924.742459059 80.0
925.13273406 80.0
925.523214102 80.0
925.913664103 80.0
926.3038311 81.0
926.69425106 81.0
927.084451914 81.0
927.474667072 81.0
927.864955902 81.0
928.255582094 81.0
928.645973921 81.0
929.036586046 81.0
929.426970005 81.0
929.817141056 81.0
930.207743883 80.0
930.598330975 81.0
930.988779068 81.0
931.378871918 81.0
931.76939106 81.0
932.159877062 81.0
932.55031991 81.0
932.940810919 81.0
933.331252098 81.0
933.721415997 81.0
934.112011909 81.0
934.50257802 81.0
934.892941952 81.0
935.283199072 81.0
935.67394805 81.0
936.064310074 81.0
936.45460391 81.0
936.844914913 81.0
937.235502958 80.0
937.62581706 81.0
938.016227007 81.0
938.406506062 81.0
938.79699707 81.0
939.18731904 81.0
939.577686071 81.0
939.968127012 81.0
940.358619928 81.0
940.748859882 81.0
941.139380932 81.0
941.529712915 81.0
941.920070887 81.0
942.310512066 81.0
942.700965881 81.0
943.0914011 81.0
943.481990099 81.0
943.872308969 81.0
944.262650967 80.0
944.653147936 81.0
945.043427944 81.0
945.433682919 81.0
945.824110985 81.0
946.214585066 81.0
946.604831934 81.0
946.995387077 81.0
947.385904074 81.0
947.776148081 81.0
948.166824102 81.0
948.557180882 81.0
948.947617054 81.0
949.338162899 81.0
949.728596926 81.0
950.119004965 80.0
950.50969696 81.0
950.899976969 81.0
951.290497065 81.0
951.680730104 80.0
952.071228027 81.0
952.461760998 81.0
952.852094889 81.0
953.242475986 81.0
953.633054018 81.0
954.023391008 81.0
954.413718939 81.0
954.804075956 81.0
955.194674969 81.0
955.584991932 81.0
955.975493908 81.0
956.365813017 81.0
956.756213903 81.0
957.146719933 81.0
957.53718996 81.0
957.927659035 81.0
958.318218946 81.0
958.708568096 81.0
959.0989151 81.0
959.489434004 81.0
959.880068064 81.0
960.270416975 80.0
960.660970926 81.0
961.051225901 81.0
961.441732883 81.0
961.832063913 81.0
962.222570896 81.0
962.613162041 80.0
963.003659964 81.0
963.39425087 81.0
963.784271002 81.0
964.174691916 81.0
964.565083027 81.0
964.955564976 80.0
965.345889091 81.0
965.736368895 80.0
966.126688004 81.0
966.517081022 81.0
966.907459974 81.0
967.297985077 80.0
967.688252926 81.0
968.078711033 81.0
968.4693501 81.0
968.859616041 80.0
969.250168085 81.0
969.640415907 81.0
970.030992985 80.0
970.421305895 80.0
970.811860085 81.0
971.202154875 81.0
971.592523098 81.0
971.983067036 81.0
972.373383999 80.0
972.763578892 81.0
973.154294968 81.0
973.544569016 81.0
973.9348979 80.0
974.325264931 81.0
974.715485096 81.0
975.106010914 81.0
975.496283054 81.0
975.886547089 81.0
976.277122021 81.0
976.667629957 80.0
977.05785203 81.0
977.448337078 80.0
977.838582039 81.0
978.229002953 81.0
978.619314909 81.0
979.009773016 81.0
979.400002003 81.0
979.790205002 81.0
980.180759907 81.0
980.571110964 81.0
980.961287975 81.0
981.351800919 81.0
981.741827965 81.0
982.132297039 81.0
982.522736073 81.0
982.913006067 81.0
983.303329945 80.0
983.693666935 81.0
984.083926916 81.0
984.474299908 81.0
984.864507914 80.0
985.254791021 81.0
985.645226955 81.0
986.035510063 81.0
986.425857067 81.0
986.816241026 81.0
987.20679903 81.0
987.597122908 81.0
987.987634897 81.0
988.378016949 81.0
988.768125057 81.0
989.158732891 80.0
989.549056053 81.0
989.939620972 80.0
990.330111027 80.0
990.720607996 80.0
991.110984087 81.0
991.501638889 80.0
991.891784906 80.0
992.282476902 81.0
992.673024893 81.0
993.063565016 81.0
993.454112053 81.0
993.844717026 80.0
994.235338926 81.0
994.62607193 80.0
995.016561031 81.0
995.407320023 81.0
995.797947884 81.0
996.18860507 81.0
996.579274893 81.0
996.969809055 81.0
997.360388041 80.0
997.750832081 80.0
998.141576052 80.0
998.532170057 81.0
998.922602892 80.0
999.313410997 80.0
999.703744888 81.0
1000.09443903 80.0
1000.4852109 81.0
1000.87596607 81.0
1001.26657009 81.0
1001.65734005 81.0
1002.04780889 80.0
1002.438344 81.0
1002.82907987 81.0
1003.2196691 80.0
1003.6102221 81.0
1004.00086498 80.0
1004.391397 80.0
1004.78199506 81.0
1005.1728549 80.0
1005.56335807 80.0
1005.95408297 81.0
1006.34469509 81.0
1006.73505306 80.0
1007.12581491 80.0
1007.51620007 81.0
1007.90687394 81.0
1008.29735899 80.0
1008.68808389 81.0
1009.07865405 81.0
1009.46943593 80.0
1009.86010194 81.0
1010.25076795 80.0
1010.64160705 81.0
1011.03239298 80.0
1011.42293501 80.0
1011.81363487 81.0
1012.20418191 80.0
1012.59475088 80.0
1012.98552489 80.0
1013.37624788 81.0
1013.76660895 80.0
1014.15756488 80.0
1014.54812503 80.0
1014.93880296 80.0
1015.32959104 81.0
1015.71990895 80.0
1016.11069107 80.0
1016.5012691 80.0
1016.89208388 80.0
1017.28309393 80.0
1017.67375994 80.0
1018.0645659 80.0
1018.45527005 80.0
1018.8459971 81.0
1019.23676705 80.0
1019.62742996 80.0
1020.01823497 80.0
1020.40902305 80.0
1020.7995429 80.0
1021.19049501 79.0
1021.58130503 80.0
1021.97220707 80.0
1022.36285806 81.0
1022.75360799 80.0
1023.14436507 81.0
1023.53522205 80.0
1023.92610908 81.0
1024.3169601 80.0
1024.707582 81.0
1025.09850192 81.0
1025.48937607 80.0
1025.87999296 80.0
1026.27094507 80.0
1026.66185188 80.0
1027.05240989 81.0
1027.44327307 80.0
1027.83407593 80.0
1028.22497702 80.0
1028.61588001 81.0
1029.0065279 81.0
1029.3974371 80.0
1029.78797793 80.0
1030.17902899 80.0
1030.56970096 80.0
1030.96055293 81.0
1031.3513 81.0
1031.7420671 81.0
1032.13294101 80.0
1032.52373791 81.0
1032.91471004 81.0
1033.30546904 80.0
1033.6959579 80.0
1034.0870049 80.0
1034.4779439 80.0
1034.86855698 80.0
1035.25966787 80.0
1035.65068197 80.0
1036.04145694 80.0
1036.43240094 80.0
1036.82330108 81.0
1037.21406794 80.0
1037.60488009 81.0
1037.99563789 81.0
1038.38658094 81.0
1038.77717209 80.0
1039.16802597 80.0
1039.5589211 81.0
1039.94981599 81.0
1040.34073901 80.0
1040.73123288 80.0
1041.122262 81.0
1041.513098 80.0
1041.90367603 80.0
1042.29469395 80.0
1042.68533492 80.0
1043.076092 80.0
1043.46684003 80.0
1043.85763693 80.0
1044.24869895 80.0
1044.63944197 80.0
1045.03034091 81.0
1045.42121291 80.0
1045.81171608 80.0
1046.20258093 80.0
1046.59332204 80.0
1046.98409605 80.0
1047.37474394 80.0
1047.76529598 80.0
1048.15625501 81.0
1048.54687095 80.0
1048.93777108 81.0
1049.32838798 81.0
1049.71892095 80.0
1050.10971594 80.0
1050.50070906 81.0
1050.89122605 80.0
1051.28207088 80.0
1051.67289901 80.0
1052.06377196 80.0
1052.45446396 81.0
1052.84533691 80.0
1053.23608994 80.0
1053.62697196 80.0
1054.017977 80.0
1054.40857697 81.0
1054.79925203 80.0
1055.19004798 81.0
1055.5809691 80.0
1055.97170091 80.0
1056.36246109 80.0
1056.7530911 80.0
1057.14377594 81.0
1057.53449893 80.0
1057.92493391 80.0
1058.31594491 80.0
1058.7067039 80.0
1059.09755707 80.0
1059.488451 80.0
1059.87922192 80.0
1060.26996088 79.0
1060.66093802 80.0
1061.05186296 80.0
1061.44287205 80.0
1061.83367395 80.0
1062.224576 81.0
1062.615273 80.0
1063.00618196 80.0
1063.39693093 80.0
1063.78767109 80.0
1064.17878103 80.0
1064.56973195 80.0
1064.96057987 80.0
1065.3515389 80.0
1065.74209094 80.0
1066.13307309 80.0
1066.52403998 80.0
1066.91486502 80.0
1067.30572891 80.0
1067.69668889 80.0
1068.08754396 80.0
1068.47849488 80.0
1068.86933088 81.0
1069.26018596 80.0
1069.65113688 81.0
1070.04183698 80.0
1070.43282104 80.0
1070.82354403 81.0
1071.21451402 79.0
1071.60528398 80.0
1071.99604392 80.0
1072.38685489 80.0
1072.77769589 80.0
1073.16866589 81.0
1073.55948305 80.0
1073.95044589 80.0
1074.34113407 80.0
1074.73183393 80.0
1075.12299204 81.0
1075.51384187 80.0
1075.90451407 80.0
1076.29538989 81.0
1076.68643188 80.0
1077.0772531 80.0
1077.46830201 81.0
1077.85916901 80.0
1078.25017905 80.0
1078.64113402 80.0
1079.031914 81.0
1079.42285705 80.0
1079.81343102 80.0
1080.2045691 80.0
1080.59536695 80.0
1080.98629498 80.0
1081.37708902 80.0
1081.76785994 80.0
1082.15908504 80.0
1082.54990101 80.0
1082.94087505 80.0
1083.33175206 80.0
1083.7222209 80.0
1084.11336589 81.0
1084.50424409 80.0
1084.89472294 79.0
1085.28565097 80.0
1085.67625093 80.0
1086.06709695 79.0
1086.45787787 79.0
1086.84871197 80.0
1087.23937702 81.0
1087.63020897 80.0
1088.02088904 80.0
1088.41175103 80.0
1088.80246902 80.0
1089.19321489 79.0
1089.58400488 80.0
1089.97480488 80.0
1090.36574388 80.0
1090.75632191 80.0
1091.14717698 80.0
1091.537848 80.0
1091.92869687 80.0
1092.31962895 80.0
1092.71020508 80.0
1093.101192 80.0
1093.49215603 80.0
1093.88270402 80.0
1094.27368498 80.0
1094.66464305 80.0
1095.05539989 81.0
1095.44630694 80.0
1095.83702898 80.0
1096.22792292 80.0
1096.61898303 80.0
1097.00968289 80.0
1097.40061307 80.0
1097.79146099 80.0
1098.18214989 81.0
1098.5730679 79.0
1098.96395397 80.0
1099.35483694 80.0
1099.74569702 80.0
1100.13683105 80.0
1100.52779007 80.0
1100.91865993 80.0
1101.30971909 80.0
1101.70049095 80.0
1102.09154892 80.0
1102.48263788 80.0
1102.87345791 80.0
1103.2642591 80.0
1103.65535903 80.0
1104.04640794 80.0
1104.43716908 80.0
1104.82811499 80.0
1105.2191081 80.0
1105.609797 80.0
1106.00083995 80.0
1106.39180303 80.0
1106.78247404 81.0
1107.17361498 80.0
1107.564399 80.0
1107.95556188 80.0
1108.34663892 80.0
1108.73727989 80.0
1109.12840104 80.0
1109.5194881 80.0
1109.91026187 80.0
1110.30146694 80.0
1110.69236302 80.0
1111.08315706 80.0
1111.47417498 80.0
1111.86514592 80.0
1112.25593209 80.0
1112.64682007 81.0
1113.0378089 80.0
1113.42861795 80.0
1113.81950402 80.0
1114.21043491 80.0
1114.60161495 80.0
1114.99229908 80.0
1115.38317108 80.0
1115.773808 80.0
1116.16457987 81.0
1116.55560589 80.0
1116.94638491 80.0
1117.33727098 80.0
1117.7279911 80.0
1118.11911488 80.0
1118.51017904 79.0
1118.90107799 80.0
1119.29233789 80.0
1119.68323302 80.0
1120.07439399 80.0
1120.46529198 80.0
1120.856323 80.0
1121.24735594 80.0
1121.63824487 79.0
1122.02931595 80.0
1122.42027998 80.0
1122.81136799 80.0
1123.20224094 80.0
1123.59331107 80.0
1123.98433709 80.0
1124.37542796 80.0
1124.7664299 81.0
1125.15739298 80.0
1125.54842091 80.0
1125.93929696 80.0
1126.33043504 79.0
1126.72142005 80.0
1127.11271191 79.0
1127.50374198 80.0
1127.89481091 80.0
1128.28612709 80.0
1128.67709303 80.0
1129.06833601 80.0
1129.45934987 80.0
1129.85047293 80.0
1130.241575 80.0
1130.63252187 79.0
1131.02382398 79.0
1131.41504192 79.0
1131.80609989 80.0
1132.19743705 80.0
1132.58841705 80.0
1132.97975588 80.0
1133.37076998 80.0
1133.76169205 79.0
1134.15296888 80.0
1134.54410696 80.0
1134.9350071 80.0
1135.32618809 80.0
1135.71697688 80.0
1136.10834694 79.0
1136.49954009 80.0
1136.89070296 80.0
1137.28175592 80.0
1137.67290187 79.0
1138.06387496 80.0
1138.45488405 79.0
1138.84606791 80.0
1139.23698092 80.0
1139.62804389 80.0
1140.01928592 80.0
1140.4102819 80.0
1140.80127287 79.0
1141.19257092 80.0
1141.58365107 80.0
1141.97461104 80.0
1142.36568594 80.0
1142.75653005 80.0
1143.1479249 80.0
1143.5391469 80.0
1143.92993093 80.0
1144.32113504 80.0
1144.71214604 80.0
1145.10310602 80.0
1145.49410987 80.0
1145.88524389 79.0
1146.27613401 80.0
1146.66711307 80.0
1147.058218 81.0
1147.44928408 80.0
1147.84017897 80.0
1148.23147988 80.0
1148.62266397 80.0
1149.01369095 79.0
1149.40480304 80.0
1149.79574108 80.0
1150.18703103 80.0
1150.57806492 79.0
1150.96920395 79.0
1151.36025405 79.0
1151.750983 80.0
1152.14196897 80.0
1152.53318596 80.0
1152.92413092 79.0
1153.31517696 80.0
1153.70642304 80.0
1154.09743309 80.0
1154.4886651 80.0
1154.87971306 80.0
1155.27095294 79.0
1155.662184 79.0
1156.05345702 79.0
1156.44444799 80.0
1156.83561301 80.0
1157.22678494 80.0
1157.61779094 80.0
1158.0089879 79.0
1158.40009689 79.0
1158.79096889 80.0
1159.18244195 80.0
1159.57356906 80.0
1159.96482801 79.0
1160.35611296 80.0
1160.74727988 80.0
1161.13847995 80.0
1161.5298121 79.0
1161.92095208 80.0
1162.31199694 80.0
1162.70320892 80.0
1163.09428596 79.0
1163.48561192 80.0
1163.87694597 80.0
1164.267977 80.0
1164.65897703 79.0
1165.05012298 79.0
1165.44111896 80.0
1165.83215594 79.0
1166.22323203 80.0
1166.61413097 79.0
1167.00527096 80.0
1167.39631796 80.0
1167.78743291 80.0
1168.1787231 79.0
1168.56982994 79.0
1168.96079087 80.0
1169.35192204 80.0
1169.74289107 80.0
1170.13408494 80.0
1170.52523494 80.0
1170.9162581 79.0
1171.30735397 79.0
1171.69830799 80.0
1172.08958101 79.0
1172.48046994 79.0
1172.87133002 79.0
1173.26251101 80.0
1173.65367699 80.0
1174.044595 79.0
1174.43566895 80.0
1174.82669997 80.0
1175.21776199 79.0
1175.60903597 79.0
1176.00012207 80.0
1176.39124298 80.0
1176.78216505 80.0
1177.17340398 79.0
1177.56431389 79.0
1177.95529509 80.0
1178.34646106 79.0
1178.73757887 79.0
1179.12853408 80.0
1179.51978207 79.0
1179.91082692 79.0
1180.301862 79.0
1180.69290304 80.0
1181.08429408 80.0
1181.47528791 79.0
1181.86644697 79.0
1182.25770402 80.0
1182.64864397 80.0
1183.03987908 80.0
1183.43119097 79.0
1183.82205701 80.0
1184.21316791 80.0
1184.60440993 79.0
1184.99537206 80.0
1185.38646603 80.0
1185.77750397 80.0
1186.16832209 80.0
1186.55973697 79.0
1186.95058703 79.0
1187.34159398 80.0
1187.73260808 79.0
1188.12375593 80.0
1188.5147481 80.0
1188.90606093 80.0
1189.29707694 80.0
1189.68811798 80.0
1190.0793519 79.0
1190.47068906 80.0
1190.86171389 80.0
1191.25315499 79.0
1191.644207 79.0
1192.03542995 79.0
1192.42669702 79.0
1192.81793904 80.0
1193.2091279 79.0
1193.60036993 79.0
1193.99158502 80.0
1194.38283801 80.0
1194.7737751 80.0
1195.16516995 79.0
1195.55638909 79.0
1195.94775105 80.0
1196.33881187 80.0
1196.72993994 79.0
1197.12130308 80.0
1197.51262403 80.0
1197.90365005 79.0
1198.29484606 79.0
1198.68578506 80.0
1199.07703996 80.0
1199.46819901 80.0
1199.85932899 79.0
1200.25045109 79.0
1200.64151192 79.0
1201.03267097 79.0
1201.4239161 79.0
1201.81485605 80.0
1202.20606208 79.0
1202.59723997 80.0
1202.98830009 80.0
1203.37957191 80.0
1203.770679 80.0
1204.16177988 79.0
1204.55293798 79.0
1204.94401789 80.0
1205.33510208 79.0
1205.72588992 79.0
1206.11689496 80.0
1206.50812292 80.0
1206.89905596 80.0
1207.29039001 80.0
1207.681669 79.0
1208.07265592 80.0
1208.46361709 79.0
1208.85464191 80.0
1209.24579692 80.0
1209.63695407 80.0
1210.02810788 80.0
1210.41911101 80.0
1210.81028008 79.0
1211.20140004 79.0
1211.59247303 80.0
1211.98340392 80.0
1212.37451887 80.0
1212.76553392 80.0
1213.15630889 79.0
1213.54747796 79.0
1213.93862009 79.0
1214.32968402 80.0
1214.72063589 79.0
1215.11167908 79.0
1215.50272894 80.0
1215.893893 79.0
1216.284796 79.0
1216.67554188 79.0
1217.066432 79.0
1217.45741296 79.0
1217.84823203 80.0
1218.23919106 79.0
1218.630229 80.0
1219.02111602 80.0
1219.41221905 79.0
1219.80313206 80.0
1220.19438195 80.0
1220.58523107 79.0
1220.97625995 80.0
1221.36722207 80.0
1221.75795102 79.0
1222.14919591 80.0
1222.54033804 80.0
1222.93118691 80.0
1223.3222301 79.0
1223.71283102 79.0
1224.10395193 79.0
1224.49495292 80.0
1224.88596487 79.0
1225.27695894 79.0
1225.66801095 80.0
1226.0590539 79.0
1226.44990993 80.0
1226.84064507 80.0
1227.23181796 80.0
1227.6225009 79.0
1228.01342297 80.0
1228.40438604 80.0
1228.79523587 79.0
1229.18628097 79.0
1229.57736993 79.0
1229.96830606 79.0
1230.35923004 80.0
1230.75033307 79.0
1231.14134908 79.0
1231.53228688 79.0
1231.92329907 79.0
1232.31447005 80.0
1232.70538592 79.0
1233.09647298 79.0
1233.48756504 80.0
1233.87850094 79.0
1234.26971102 79.0
1234.66061902 80.0
1235.05181408 80.0
1235.44283009 80.0
1235.8339591 79.0
1236.22534704 79.0
1236.616606 79.0
1237.00761008 80.0
1237.39861298 80.0
1237.78944397 79.0
1238.18056202 79.0
1238.57158399 79.0
1238.96264791 80.0
1239.35381794 79.0
1239.7446301 79.0
1240.135921 79.0
1240.52724695 79.0
1240.918396 80.0
1241.30922103 79.0
1241.70044398 80.0
1242.09172297 79.0
1242.48306894 79.0
1242.87425303 79.0
1243.26518202 79.0
1243.6564641 79.0
1244.04776192 80.0
1244.43877602 79.0
1244.83008409 80.0
1245.22108698 79.0
1245.61234903 80.0
1246.00337791 80.0
1246.39461207 79.0
1246.78573704 79.0
1247.17699409 79.0
1247.56774998 79.0
1247.95910287 79.0
1248.34999108 80.0
1248.74153209 79.0
1249.13235497 80.0
1249.52360988 80.0
1249.91487503 79.0
1250.305758 80.0
1250.6970861 79.0
1251.08811402 79.0
1251.47926497 79.0
1251.87014508 79.0
1252.26122308 79.0
1252.65244293 79.0
1253.04348803 80.0
1253.43489695 80.0
1253.82557607 79.0
1254.21680689 79.0
1254.60745406 80.0
1254.99858093 79.0
1255.38955998 80.0
1255.78041291 79.0
1256.17169595 80.0
1256.56282687 79.0
1256.95425892 80.0
1257.34516597 79.0
1257.73643088 80.0
1258.12743187 80.0
1258.51877403 79.0
1258.91001797 80.0
1259.30106688 80.0
1259.69221306 79.0
1260.0834291 79.0
1260.47442293 79.0
1260.86552906 80.0
1261.25674605 79.0
1261.64792299 79.0
1262.03884697 80.0
1262.43006492 79.0
1262.82114887 80.0
1263.2121079 79.0
1263.603549 80.0
1263.99499798 80.0
1264.38624787 79.0
1264.77723598 80.0
1265.16840196 79.0
1265.55952597 80.0
1265.95065689 80.0
1266.34197187 80.0
1266.73293209 79.0
1267.12422991 80.0
1267.51497698 80.0
1267.90637493 80.0
1268.29734206 80.0
1268.6882 79.0
1269.07912588 80.0
1269.47013497 79.0
1269.86128497 79.0
1270.25227404 79.0
1270.6437099 79.0
1271.0343399 80.0
1271.42544293 80.0
1271.81626391 80.0
1272.20724106 79.0
1272.59839201 80.0
1272.98907995 80.0
1273.38080502 79.0
1273.77107501 80.0
1274.16215897 80.0
1274.55322099 80.0
1274.94409299 80.0
1275.33547306 80.0
1275.72604394 79.0
1276.11757994 80.0
1276.50833797 80.0
1276.8995409 79.0
1277.29033995 79.0
1277.6814189 79.0
1278.07289791 79.0
1278.46352601 80.0
1278.85480595 79.0
1279.2455771 80.0
1279.63676596 79.0
1280.02780795 79.0
1280.41879988 80.0
1280.80990696 79.0
1281.20072794 79.0
1281.59222293 80.0
1281.98260903 79.0
1282.37371588 79.0
1282.7648201 79.0
1283.15560293 80.0
1283.54661298 80.0
1283.93749404 79.0
1284.32863188 79.0
1284.71966791 80.0
1285.11067891 79.0
1285.50159597 79.0
1285.89236188 80.0
1286.28345108 80.0
1286.674335 79.0
1287.06544089 80.0
1287.45655107 79.0
1287.847615 80.0
1288.23847198 80.0
1288.62932706 79.0
1289.02060103 79.0
1289.41130805 80.0
1289.80217099 80.0
1290.19335103 80.0
1290.5845561 79.0
1290.97536206 80.0
1291.36634493 79.0
1291.75757909 80.0
1292.14852405 80.0
1292.53964806 80.0
1292.93083596 80.0
1293.32172799 79.0
1293.71315098 80.0
1294.10395002 79.0
1294.49531698 79.0
1294.88596702 79.0
1295.27689004 80.0
1295.667907 80.0
1296.058846 80.0
1296.44991398 79.0
1296.84097004 80.0
1297.23233509 80.0
1297.62300706 79.0
1298.01416302 79.0
1298.40528893 80.0
1298.79576588 80.0
1299.18697596 79.0
1299.57766509 80.0
1299.96885395 80.0
1300.35964203 80.0
1300.75051498 80.0
1301.14135599 80.0
1301.53249502 80.0
1301.92372108 80.0
1302.314641 79.0
1302.70578003 80.0
1303.09700608 79.0
1303.48814988 79.0
1303.87912607 79.0
1304.27009106 79.0
1304.66124797 80.0
1305.05240297 79.0
1305.44329596 80.0
1305.83436489 79.0
1306.2254169 80.0
1306.61615801 80.0
1307.00737 80.0
1307.39859104 79.0
1307.78965998 80.0
1308.1804471 79.0
1308.57167292 80.0
1308.96259594 80.0
1309.35376096 80.0
1309.744663 80.0
1310.1357789 80.0
1310.52696705 80.0
1310.91820002 80.0
1311.30919194 80.0
1311.70038605 80.0
1312.09171605 79.0
1312.4827559 80.0
1312.87375307 80.0
1313.2649951 80.0
1313.65598893 79.0
1314.04720092 80.0
1314.438519 80.0
1314.82938099 79.0
1315.22074294 80.0
1315.61174488 80.0
1316.00274205 79.0
1316.39397502 80.0
1316.78513789 79.0
1317.17621994 80.0
1317.5674839 80.0
1317.95870304 79.0
1318.34977698 80.0
1318.7408309 80.0
1319.13192296 79.0
1319.52292705 80.0
1319.91420507 79.0
1320.30521202 80.0
1320.69626307 80.0
1321.0875001 80.0
1321.47853303 80.0
1321.86945987 80.0
1322.26041889 80.0
1322.65141606 79.0
1323.04230309 80.0
1323.433249 79.0
1323.82469487 80.0
1324.21549797 79.0
1324.60676193 80.0
1324.99777794 79.0
1325.38907099 79.0
1325.77999091 80.0
1326.17083907 79.0
1326.56199193 80.0
1326.95272708 80.0
1327.34408307 80.0
1327.73513508 80.0
1328.1261909 79.0
1328.51738906 80.0
1328.90842295 79.0
1329.29958987 79.0
1329.69046402 79.0
1330.08125901 80.0
1330.47228789 79.0
1330.86339307 79.0
1331.25427103 80.0
1331.64554191 79.0
1332.036448 80.0
1332.42739105 80.0
1332.81850791 80.0
1333.20935392 80.0
1333.60033989 80.0
1333.99137592 80.0
1334.38244009 80.0
1334.77345109 80.0
1335.1644659 80.0
1335.55549502 79.0
1335.94641304 80.0
1336.33752108 80.0
1336.72838593 80.0
1337.11951995 79.0
1337.51032495 80.0
1337.90127802 79.0
1338.29235697 79.0
1338.68327904 79.0
1339.07421207 79.0
1339.46529889 80.0
1339.85638189 79.0
1340.24722505 79.0
1340.63839006 80.0
1341.02950096 80.0
1341.42037892 80.0
1341.81145191 79.0
1342.20258689 79.0
1342.59372401 79.0
1342.98463607 80.0
1343.37556291 80.0
1343.76664209 79.0
1344.15765905 80.0
1344.54872394 80.0
1344.93976188 79.0
1345.33059096 79.0
1345.72170687 80.0
1346.11248708 80.0
1346.50330591 79.0
1346.89435005 80.0
1347.28537989 80.0
1347.67646194 79.0
1348.06729603 79.0
1348.45824003 79.0
1348.84915805 79.0
1349.24031806 80.0
1349.63101387 79.0
1350.02224588 80.0
1350.41321588 80.0
1350.80432606 80.0
1351.195158 80.0
1351.58612394 79.0
1351.97697496 80.0
1352.36784196 79.0
1352.75889301 79.0
1353.14980888 80.0
1353.54065204 80.0
1353.93162107 79.0
1354.32255697 80.0
1354.71362305 79.0
1355.10461688 79.0
1355.4955411 80.0
1355.88625407 80.0
1356.27737308 80.0
1356.66841793 80.0
1357.0592711 80.0
1357.449965 80.0
1357.84120202 80.0
1358.23214197 81.0
1358.62292504 80.0
1359.01397491 79.0
1359.40474892 80.0
1359.79564309 80.0
1360.18667388 80.0
1360.57746887 79.0
1360.96844506 80.0
1361.35940909 79.0
1361.750103 79.0
1362.14112401 80.0
1362.53205991 80.0
1362.92281699 80.0
1363.31383204 79.0
1363.70480704 80.0
1364.09569597 80.0
1364.48632908 80.0
1364.87735295 80.0
1365.26817608 79.0
1365.65901399 80.0
1366.05004406 80.0
1366.441082 80.0
1366.83183503 80.0
1367.22277808 80.0
1367.61363792 80.0
1368.00457191 79.0
1368.39554906 79.0
1368.78656793 80.0
1369.17733598 80.0
1369.56819987 80.0
1369.95918798 79.0
1370.35002708 80.0
1370.74078202 80.0
1371.13177109 80.0
1371.52253103 80.0
1371.9134419 79.0
1372.30425906 80.0
1372.69497705 79.0
1373.08603001 80.0
1373.476789 79.0
1373.86768889 79.0
1374.258636 80.0
1374.64952803 80.0
1375.04050708 80.0
1375.43143296 80.0
1375.82231998 80.0
1376.2130971 79.0
1376.60401607 80.0
1376.99493599 80.0
1377.385782 79.0
1377.77631497 80.0
1378.16730905 81.0
1378.55809093 80.0
1378.94891691 80.0
1379.33986902 79.0
1379.73056197 80.0
1380.12127995 80.0
1380.51226401 80.0
1380.90301609 80.0
1381.29391503 80.0
1381.6845901 80.0
1382.07545209 79.0
1382.46651697 79.0
1382.85750699 79.0
1383.2482059 79.0
1383.63867092 80.0
1384.02966905 80.0
1384.42028999 80.0
1384.81122088 81.0
1385.20221901 79.0
1385.59299898 80.0
1385.98390603 79.0
1386.37465096 79.0
1386.76545405 80.0
1387.15637708 80.0
1387.54716396 79.0
1387.93798304 80.0
1388.328825 79.0
1388.719697 80.0
1389.11047602 79.0
1389.50127292 80.0
1389.89229298 79.0
1390.28311396 80.0
1390.67385697 79.0
1391.06480408 80.0
1391.45571709 80.0
1391.84676909 79.0
1392.237463 80.0
1392.62841797 80.0
1393.01943493 79.0
1393.41134191 80.0
1393.8011601 80.0
1394.19215298 80.0
1394.58329606 80.0
1394.97401309 80.0
1395.36503291 80.0
1395.75591207 80.0
1396.14706302 80.0
1396.53789997 79.0
1396.92901301 80.0
1397.31999803 80.0
1397.7109139 80.0
1398.10176492 80.0
1398.49268103 80.0
1398.88362908 80.0
1399.27456689 80.0
1399.66566896 79.0
1400.05671692 80.0
1400.4474299 80.0
1400.83873796 80.0
1401.2293179 80.0
1401.620471 79.0
1402.01125288 80.0
1402.402174 79.0
1402.79331398 79.0
1403.18424487 80.0
1403.57513094 79.0
1403.96617007 80.0
1404.35707808 79.0
1404.74806905 80.0
1405.13902688 80.0
1405.53005195 80.0
1405.92082405 80.0
1406.31186795 80.0
1406.70255399 81.0
1407.09376407 79.0
1407.48459888 79.0
1407.87531996 79.0
1408.26656199 79.0
1408.65757608 80.0
1409.04860091 79.0
1409.43966389 80.0
1409.830621 79.0
1410.22164392 81.0
1410.61265588 80.0
1411.00379205 80.0
1411.39451909 80.0
1411.78574896 79.0
1412.17672205 80.0
1412.567698 80.0
1412.95861602 80.0
1413.34971499 80.0
1413.74057102 79.0
1414.13135409 79.0
1414.522259 80.0
1414.91339397 79.0
1415.30434299 80.0
1415.69512391 79.0
1416.08594489 79.0
1416.47678995 80.0
1416.86753702 79.0
1417.25864887 79.0
1417.64969707 80.0
1418.04054594 79.0
1418.43145299 80.0
1418.8223691 79.0
1419.21327591 78.0
1419.60417104 80.0
1419.99530888 79.0
1420.38634109 80.0
1420.77709103 80.0
1421.16808796 80.0
1421.55911303 80.0
1421.9500711 79.0
1422.34089589 80.0
1422.73209906 79.0
1423.1230979 79.0
1423.51378703 80.0
1423.90471387 80.0
1424.29575896 79.0
1424.68634009 79.0
1425.07739902 80.0
1425.46844101 80.0
1425.859303 80.0
1426.25017691 80.0
1426.64119697 79.0
1427.03211594 80.0
1427.42296195 79.0
1427.81384492 80.0
1428.20489502 80.0
1428.5959549 79.0
1428.9870429 80.0
1429.37811089 80.0
1429.76905107 80.0
1430.16012001 80.0
1430.55101109 79.0
1430.94218588 79.0
1431.33320189 80.0
1431.72412896 80.0
1432.11513495 79.0
1432.50623393 80.0
1432.89710593 80.0
1433.28790998 79.0
1433.67867899 80.0
1434.069731 80.0
1434.46086407 80.0
1434.85145092 80.0
1435.24228287 80.0
1435.63296103 80.0
1436.023844 79.0
1436.4148469 79.0
1436.80584002 79.0
1437.19664598 80.0
1437.58720207 80.0
1437.978369 80.0
1438.3689611 80.0
1438.75990891 80.0
1439.15091896 80.0
1439.54192901 81.0
